#All Redundancy counts

all_redund_count<-c(4,8,6,5,5,4,10,10,6,8,5,
                    20,33,7,14,4,4,5,5,15,7,
                    7,4,8,4,7,4,4,7,7,4,4,20,
                    4,5,4,4,5,7,15,14,6,4,4,
                    4,4,6,4,7,5,10,5,6,4,10,
                    4,7,4,16,4,5,6,6,5,16,4
)

free_redund_count<-c(1,1,1,2,1,1,3,7,2,4,1,1,
                     31,1,3,1,1,1,4,4,3,3,1,
                     2,2,1,1,1,1,2,2,1,5,2,3,
                     1,1,1,2,4,2,1,2,1,3,2,4,
                     1,1,1,5,1,4,1,7,1,1,1,4,
                     1,1,2,1,1,4,3)

complex_redund_count<- c(3,7,5,3,4,3,7,3,4,
                         4,4,19,2,6,11,3,3,
                         4,1,11,4,4,3,6,2,6,
                         3,3,6,5,2,3,15,2,2,
                         3,3,4,5,11,12,5,2,3,
                         1,2,2,3,6,4,5,4,2,
                         3,3,3,6,3,12,3,4,
                         4,5,4,12,1
)

All_redundRange_4_6<- c(1.113054,
                   1.259038,
                   2.024718,
                   2.90508,
                   4.448644,
                   3.918365,
                   4.371957,
                   1.367615,
                   0.903666,
                   7.740125,
                   6.074268,
                   0.512255,
                   5.262697,
                   1.627187,
                   1.808345,
                   3.228181,
                   8.290868,
                   1.953091,
                   8.723699,
                   5.006646,
                   4.409698,
                   6.560409,
                   0.694306,
                   1.297193,
                   2.968729,
                   1.050429,
                   5.098002,
                   1.003157,
                   8.362036,
                   7.758262,
                   1.442561,
                   2.650443,
                   4.443557,
                   1.04328,
                   2.880802,
                   2.47479,
                   1.501983,
                   3.409705,
                   3.981231,
                   8.089146,
                   4.608055
)

All_redundRange_7 <- c(3.293656,
                  4.042282,
                  8.54651,
                  1.66727,
                  4.296886,
                  6.077366,
                  7.554617,
                  4.669678,
                  5.423115,
                  3.795474,
                  4.552725,
                  3.506402,
                  10.940336,
                  3.186637,
                  10.940336,
                  2.723332,
                  2.051094,
                  4.367285,
                  4.110692,
                  4.367285,
                  4.367285,
                  4.43404,
                  4.262727,
                  2.198458
)


All_red46_mean <- c(-47.00779,
                    -46.79277,
                    -47.96295,
                    -50.78396,
                    -46.85746,
                    -48.24005,
                    -45.1164,
                    -47.04676,
                    -44.57882,
                    -47.53856,
                    -42.81734,
                    -47.20342,
                    -45.32082,
                    -46.35405,
                    -40.74913,
                    -42.19895,
                    -45.64351,
                    -42.05329,
                    -40.50448,
                    -47.62677,
                    -40.31082,
                    -47.7363,
                    -46.54823,
                    -50.99752,
                    -44.12559,
                    -47.28586,
                    -48.97991,
                    -48.2324,
                    -44.28034,
                    -44.08161,
                    -47.77113,
                    -47.55775,
                    -47.50907,
                    -47.10062,
                    -47.07617,
                    -47.90297,
                    -45.26134,
                    -49.39572,
                    -52.01889,
                    -44.55011,
                    -49.01676
)

All_red7_mean <- c(-39.7591,
                   -44.36004,
                   -44.27024,
                   -46.12683,
                   -45.95461,
                   -48.38157,
                   -46.39731,
                   -42.95501,
                   -44.72361,
                   -42.35117,
                   -44.08819,
                   -44.94924,
                   -48.79216,
                   -45.5405,
                   -44.61245,
                   -44.36808,
                   -46.90014,
                   -44.21646,
                   -47.95079,
                   -44.08829,
                   -42.53223,
                   -44.27024,
                   -44.79962,
                   -44.79962
)
