cg_1 <-c(      
        
-47.544511,
-47.381881,
  -46.431457 )    
        
cg_2 <-c(      
        
-38.539547,
-38.474689,
-41.957988,
-39.332027,
-38.60643,
-38.407605,
  -38.923794 )    
        
cg_3 <-c(      
        
-45.325386,
-47.080231,
-48.206188,
-46.286191,
  -47.362043 )    
        
cg_4 <-c(      
        
-47.288219,
-48.585412,
  -48.091485 )    
        
cg_5 <-c(      
        
-50.60223,
-50.521158,
-49.74357,
  -52.712299 )    
        
cg_6 <-c(      
        
-47.616855,
-46.911475,
  -46.543675 )    
        
cg_7 <-c(      
        
-45.284708,
-46.289901,
-45.858068,
-42.806468,
-44.273757,
-42.783499,
  -42.999104 )    
        
cg_8 <-c(      
        
-43.994229,
-44.76171,
   -52.142607 )    
        
cg_9 <-c(      
        
-48.023376,
-47.867097,
-47.521268,
  -48.413822 )    
        
cg_10 <-c(      
        
-48.14515,
-45.973792,
-48.006565,
  -45.5606 )    
        
cg_11 <-c(      
        
-45.621234,
-45.584869,
-44.570805,
  -44.580888 )    
        
cg_12 <-c(      
        
-46.3157,
-46.027064,
-45.614889,
-45.305942,
-45.029024,
-45.425926,
-45.876453,
-45.666847,
-46.406708,
-45.5582,
-46.111603,
-45.714281,
-45.855238,
-46.620375,
-46.911204,
-45.906408,
-48.560701,
-46.030361,
  -46.028694 )    
        
cg_13 <-c(      
        
-48.015022,
  -46.959267 )    
        
cg_14 <-c(      
        
-46.474235,
-45.393408,
-45.59369,
-46.39312,
-48.687064,
  -46.190802 )    
        
cg_15 <-c(      
        
-43.02074,
-43.003928,
-42.864177,
-42.256827,
-44.04393,
-42.608714,
-42.590731,
-43.042272,
-43.248795,
-43.079687,
  -44.252181 )    
        
cg_16 <-c(      
        
-46.289564,
-47.038237,
  -46.544961 )    
        
cg_17 <-c(      
        
-43.95397,
-43.329207,
  -44.797826 )    
        
cg_18 <-c(      
        
-45.175537,
-50.273539,
-48.502561,
  -48.071747 )    
        
cg_19 <-c(      
        
  -42.372612 )    
        
cg_20 <-c(      
        
-42.505273,
-45.452673,
-43.009647,
-44.813552,
-45.072296,
-45.676294,
-45.175275,
-44.07194,
-43.933595,
-45.084849,
  -45.454 )    
        
cg_21 <-c(      
        
-42.759852,
-42.704844,
-42.065983,
  -42.987604 )    
        
cg_22 <-c(      
        
-49.34987,
-45.856883,
-42.740485,
  -43.496996 )    
        
cg_23 <-c(      
        
-46.456421,
-49.063691,
   -48.678536 )    
        
cg_24 <-c(      
        
-45.46474,
-43.029958,
-47.582683,
-43.029958,
-47.582683,
  -45.415218 )    
        
cg_25 <-c(      
        
-47.536399,
  -45.118054 )    
        
cg_26 <-c(      
        
-47.842621,
-47.972624,
-49.509891,
-49.058096,
-48.597986,
  -49.297459 )    
        
cg_27 <-c(      
        
-46.026204,
-46.830861,
  -48.465545 )    
        
cg_28 <-c(      
        
-41.222561,
-40.080254,
  -40.245838 )    
        
cg_29 <-c(      
        
-47.790366,
-48.242594,
-44.323212,
-44.682123,
-43.945708,
  -44.988988 )    
        
cg_30 <-c(      
        
-46.509572,
-46.496476,
-46.159879,
-45.987625,
  -42.956793 )    
        
cg_31 <-c(      
        
-41.978805,
  -42.716417 )    
        
cg_32 <-c(      
        
-51.251272,
-43.941053,
  -43.870562 )    
        
cg_33 <-c(      
        
-43.809195,
-44.147035,
-47.056354,
-43.691472,
-43.159821,
-43.521039,
-43.949452,
-43.168638,
-43.985154,
-46.904319,
-44.110738,
-43.099491,
-43.473103,
-43.479135,
  -44.186546 )    
        
cg_34 <-c(      
        
-43.877553,
  -45.437722 )    
        
cg_35 <-c(      
        
-38.444355,
  -45.263788 )    
        
cg_36 <-c(      
        
-47.93799,
-47.501665,
  -47.425735 )    
        
cg_37 <-c(      
        
-38.523749,
-39.1937,
  -39.739372 )    
        
cg_38 <-c(      
        
-51.40038,
-50.308879,
-46.878223,
  -46.4519 )    
        
cg_39 <-c(      
        
-44.667821,
-50.171541,
-47.302052,
-48.419546,
  -47.340173 )    
        
cg_40 <-c(      
        
-43.159821,
-43.521039,
-43.949452,
-43.168638,
-43.985154,
-46.904319,
-44.110738,
-43.099491,
-43.473103,
-43.479135,
  -44.186546 )    
        
cg_41 <-c(      
        
-48.950416,
-49.073607,
-47.413242,
-47.167824,
-47.794254,
-47.575686,
-48.151278,
-47.022513,
-48.333301,
-47.757845,
-47.91901,
  -47.936372 )    
        
cg_42 <-c(      
        
-46.054578,
-46.274823,
-46.655068,
-46.920868,
  -47.443001 )    
        
cg_43 <-c(      
        
-51.970955,
  -50.666638 )    
        
cg_44 <-c(      
        
-44.107847,
-44.785607,
  -44.631658 )    
        
cg_45 <-c(      
        
  -48.285097 )    
        
cg_46 <-c(      
        
-44.831329,
  -49.308192 )    
        
cg_47 <-c(      
        
-46.658636,
   -49.661417 )    
        
cg_48 <-c(      
        
-44.259809,
-43.586758,
  -45.539849 )    
        
cg_49 <-c(      
        
-44.330843,
-44.869589,
-41.820295,
-46.489973,
-44.365164,
  -43.597182 )    
        
cg_50 <-c(      
        
-43.999491,
-43.895436,
-43.594731,
  -45.037292 )    
        
cg_51 <-c(      
        
-41.48213,
-44.668767,
-42.506607,
-42.972372,
  -42.396431 )    
        
cg_52 <-c(      
        
-46.376326,
-47.085002,
-47.410721,
   -49.026769 )    
        
cg_53 <-c(      
        
-46.832052,
  -48.103031 )    
        
cg_54 <-c(      
        
-43.479096,
-43.682879,
  -52.202795 )    
        
cg_55 <-c(      
        
-43.994229,
-44.76171,
   -52.142607 )    
        
cg_56 <-c(      
        
-49.067422,
-49.723798,
  -44.894093 )    
        
cg_57 <-c(      
        
-47.842621,
-47.972624,
-49.509891,
-49.058096,
-48.597986,
  -49.297459 )    
        
cg_58 <-c(      
        
-45.631267,
-47.211957,
  -45.525873 )    
        
cg_59 <-c(      
        
-42.505273,
-45.452673,
-43.009647,
-44.813552,
-45.072296,
-45.676294,
-45.939724,
-45.175275,
-44.07194,
-43.933595,
-45.084849,
  -45.454 )    
        
cg_60 <-c(      
        
-50.738413,
-46.158484,
  -50.536963 )    
        
cg_61 <-c(      
        
-46.442553,
-47.289731,
-42.846174,
  -45.959992 )    
        
cg_62 <-c(      
        
-50.673588,
-54.942641,
-46.853495,
   -47.325635 )    
        
cg_63 <-c(      
        
-51.549599,
-53.73991,
-54.177371,
-51.829194,
  -51.247954 )    
        
cg_64 <-c(      
        
-44.323212,
-44.682123,
-43.945708,
  -44.988988 )    
        
cg_65 <-c(      
        
-42.505273,
-45.452673,
-43.009647,
-44.813552,
-45.072296,
-45.676294,
-45.939724,
-45.175275,
-44.07194,
-43.933595,
-45.084849,
  -45.454 )    
        
cg_66 <-c(      
        
    -49.10034 )   
