fg_1 <-c(   
    
  -46.673304 ) 
fg_2 <-c(   
    
   -43.83072 )
fg_3 <-c(   
    
  -46.496607 ) 
fg_4 <-c(   
    
-48.461204 ,   
  -47.38845 ) 
fg_5 <-c(   
    
  -50.340559 ) 
fg_6 <-c(   
    
  -46.357817 ) 
fg_7 <-c(   
    
-44.34469 ,   
-42.930949 ,   
  -46.029246 ) 
fg_8 <-c(   
    
-46.651296 ,   
-42.130468 ,   
-41.202271 ,   
-45.563756 ,   
-41.56632 ,   
-41.870931 ,   
  -42.818839 ) 
fg_9 <-c(   
    
-47.618688 ,   
  -49.996058 ) 
fg_10 <-c(   
    
-46.903455 ,   
-44.349676 ,   
-44.835512 ,   
  -45.239856 ) 
fg_11 <-c(   
    
   -45.22422 )
fg_12 <-c(   
    
  -44.126661 ) 
fg_13 <-c(   
    
-47.44119 ,   
-48.828681 ,   
-48.017451 ,   
-48.444869 ,   
-48.650251 ,   
-47.974887 ,   
-48.304021 ,   
-47.876774 ,   
-48.973943 ,   
-48.406783 ,   
-48.236834 ,   
-48.855173 ,   
-48.942928 ,   
-49.157725 ,   
-48.086087 ,   
-48.786314 ,   
-48.606372 ,   
-48.443511 ,   
-48.934848 ,   
-48.554401 ,   
-48.822202 ,   
-48.420708 ,   
-47.653834 ,   
-48.506261 ,   
-47.855306 ,   
-48.542515 ,   
-48.881371 ,   
-48.281727 ,   
-48.226493 ,   
-48.549944 ,   
  -48.354038 ) 
fg_14 <-c(   
    
  -46.048856 ) 
fg_15 <-c(   
    
-41.528849 ,   
-43.167252 ,   
  -42.662074 ) 
fg_16 <-c(   
    
  -48.314282 ) 
fg_17 <-c(   
    
  -46.234287 ) 
fg_18 <-c(   
    
  -45.669397 ) 
fg_19 <-c(   
    
-42.60826 ,   
-43.375769 ,   
-43.258262 ,   
  -42.471789 ) 
fg_20 <-c(   
    
-44.72362 ,   
-44.152313 ,   
-44.856321 ,   
  -46.872558 ) 
fg_21 <-c(   
    
-42.276617 ,   
-43.852799 ,   
  -39.810517 ) 
fg_22 <-c(   
    
-40.80336 ,   
-42.334723 ,   
  -44.03503 ) 
fg_23 <-c(   
    
  -44.615047 ) 
fg_24 <-c(   
    
-43.38342 ,   
  -44.105266 ) 
fg_25 <-c(   
    
-43.618034 ,   
  -45.01079 ) 
fg_26 <-c(   
    
   -49.26647 )
fg_27 <-c(   
    
  -44.093588 ) 
fg_28 <-c(   
    
  -41.447869 ) 
fg_29 <-c(   
    
  -44.810534 ) 
fg_30 <-c(   
    
-43.744596 ,   
  -40.432206 ) 
fg_31 <-c(   
    
-42.287815 ,   
  -41.812751 ) 
fg_32 <-c(   
    
  -43.511147 ) 
fg_33 <-c(   
    
-46.766021 ,   
-45.72263 ,   
-44.927148 ,   
-45.410615 ,   
  -42.793627 ) 
fg_34 <-c(   
    
-39.534416 ,   
  -39.363454 ) 
fg_35 <-c(   
    
-37.355853 ,   
-44.556636 ,   
  -36.901752 ) 
fg_36 <-c(   
    
  -47.641685 ) 
fg_37 <-c(   
    
  -43.786446 ) 
fg_38 <-c(   
    
  -43.642118 ) 
fg_39 <-c(   
    
-47.782908 ,   
  -42.616924 ) 
fg_40 <-c(   
    
-46.766021 ,   
-45.72263 ,   
-44.927148 ,   
  -42.793627 ) 
fg_41 <-c(   
    
-48.085687 ,   
  -48.130025 ) 
fg_42 <-c(   
    
  -45.941018 ) 
fg_43 <-c(   
    
-50.343768 ,   
  -51.008721 ) 
fg_44 <-c(   
    
  -42.977262 ) 
fg_45 <-c(   
    
-45.757324 ,   
-46.115514 ,   
  -48.985505 ) 
fg_46 <-c(   
    
-53.122197 ,   
  -48.657909 ) 
fg_47 <-c(   
    
-47.48114 ,   
-47.233874 ,   
-48.290986 ,   
  -50.068341 ) 
fg_48 <-c(   
    
  -43.734953 ) 
fg_49 <-c(   
    
  -43.145013 ) 
fg_50 <-c(   
    
  -43.881096 ) 
fg_51 <-c(   
    
-41.958382 ,   
-43.045747 ,   
-42.187088 ,   
-42.279453 ,   
  -41.825366 ) 
fg_52 <-c(   
    
  -48.956827 ) 
fg_53 <-c(   
    
-47.499546 ,   
-45.0229 ,   
-49.004131 ,   
  -48.884864 ) 
fg_54 <-c(   
    
  -50.671501 ) 
fg_55 <-c(   
    
-46.651296 ,   
-42.130468 ,   
-41.202271 ,   
-45.563756 ,   
-41.56632 ,   
-41.870931 ,   
  -42.818839 ) 
fg_56 <-c(   
    
  -44.717152 ) 
fg_57 <-c(   
    
   -49.26647 )
fg_58 <-c(   
    
  -49.935571 ) 
fg_59 <-c(   
    
-44.72362 ,   
-44.152313 ,   
-44.856321 ,   
  -46.872558 ) 
fg_60 <-c(   
    
  -44.178004 ) 
fg_61 <-c(   
    
  -43.768242 ) 
fg_62 <-c(   
    
-48.166764 ,   
  -48.412222 ) 
fg_63 <-c(   
    
  -49.569316 ) 
fg_64 <-c(   
    
  -44.810534 ) 
fg_65 <-c(   
    
-44.72362 ,   
-44.152313 ,   
-44.856321 ,   
  -46.872558 ) 
fg_66 <-c(   
    
-49.349963 ,   
-48.655657 ,   
  -48.96108 ) 
